0,386
0,464
34,12
35,14
0,304
0,575
35,13
0,574
35,12
0,573
0,572
0,571
0,570
43,52
43,51
43,50
43,49
43,48
43,47
43,46
43,45
43,44
43,43
43,42
43,41
43,40
43,39
43,38
43,37
0,569
0,568
0,567
35,11
43,36
34,11
0,566
34,10
0,565
0,564
0,563
0,562
0,561
0,560
34,9
0,559
0,558
0,557
0,556
0,555
35,10
0,554
0,553
34,8
0,552
0,551
0,550
0,549
0,548
0,547
34,7
34,6
0,546
0,545
0,544
0,543
0,542
0,541
35,9
35,8
0,540
0,539
29,3
25,5
24,4
24,1
24,3
25,4
25,1
25,3
29,1
29,4
26,4
26,1
26,3
28,4
28,5
28,1
28,3
27,1
27,3
33,2
33,0
33,123
43,35
3,2
3,1
3,3
10,217
10,211
10,151
10,87
10,123
10,21
10,242
10,135
11,24
11,18
11,19
9,5
9,1
9,7
9,2
9,3
8,8
8,5
8,13
8,14
8,10
8,2
8,3
35,7
35,6
35,5
35,4
35,3
35,2
35,1
35,0
34,5
34,4
34,3
34,2
34,1
34,0
33,104
33,103
33,102
33,101
33,100
33,99
33,98
33,97
33,96
33,95
33,94
33,93
33,92
33,91
33,90
33,89
33,88
33,87
33,86
33,85
33,84
33,83
33,82
33,81
33,80
33,79
33,78
33,77
33,76
33,75
33,74
33,73
33,72
33,71
33,70
33,69
33,68
33,67
33,66
